7
49
73
58
130
72
144
78
123
109
40
165
92
42
187
103
127
129
40
12
103
169
109
157
160
133
99
78
16
135
97
26
112
67
10
33
179
149
179
21
167
72
193
136
85
145
28
91
194
157
1
153
108
144
68
90
124
196
130
103
122
66
149
24
1
53
177
8
28
133
98
181
35
13
65
14
63
136
25
69
115
94
29
101
117
195
105
4
51
98
188
123
105
82
152
166
116
137
38
144
101
97
71
28
137
158
177
197
94
104
9
31
145
175
35
98
142
199
168
12
60
157
194
8
195
168
113
130
6
162
142
165
82
52
167
21
95
112
71
101
190
31
138
57
16
190
40
79
135
6
172
98
95
119
54
23
89
160
105
126
123
106
13
170
38
94
20
44
166
134
26
194
163
138
44
190
150
159
23
147
185
17
72
139
47
185
96
85
23
20
144
168
135
115
25
134
42
11
79
152
44
95
18
196
92
15
191
33
69
197
153
147
25
10
62
11
8
177
161
25
135
68
195
176
167
39
74
131
156
101
72
160
94
184
155
189
7
15
193
169
80
55
55
106
163
102
76
108
49
131
44
38
8
197
51
49
3
131
131
14
19
175
9
180
129
23
54
60
137
145
117
125
0
56
164
197
48
104
150
150
176
12
154
197
104
181
148
65
178
99
9
129
153
83
47
7
173
122
105
176
53
24
30
166
0
44
170
85
16
98
155
133
157
176
178
66
157
111
78
14
19
137
133
191
120
162
33
197
31
188
189
73
77
104
158
0
54
160
115
147
80
130
155
146
107
38
0
126
35
57
113
114
193
160
154
18
157
185
129
15
163
102
117
43
19
167
147
69
195
103
73
103
148
185
58
59
6
130
24
132
173
3
97
120
150
31
80
3
100
120
133
58
3
76
150
134
180
79
32
174
149
142
49
171
110
79
183
170
40
123
50
171
29
118
146
99
30
21
176
124
44
158
96
171
64
160
198
151
140
103
151
1
5
80
18
74
49
13
120
25
12
183
188
117
8
150
124
195
57
111
90
66
10
193
153
165
160
142
3
152
107
141
110
0
199
127
171
187
14
25
41
117
148
42
115
174
45
173
20
111
39
54
105
129
53
189
166
156
104
60
98
192
120
116
180
67
152
139
98
101
11
16
91
71
128
71
61
45
120
40
158
53
27
150
111
163
194
133
127
27
195
131
42
116
6
115
124
1
97
61
103
124
108
136
81
15
110
16
105
173
181
120
191
169
65
27
136
128
125
184
167
149
76
46
176
66
67
120
184
191
10
58
11
144
118
118
134
25
167
89
18
14
25
118
28
29
34
127
40
154
140
196
135
83
48
65
11
52
64
76
37
75
45
110
15
192
110
147
37
99
47
115
93
179
129
164
179
101
125
89
158
33
0
89
70
17
46
38
143
138
136
121
119
96
47
188
159
187
35
35
112
84
189
184
134
67
119
15
45
176
61
25
19
31
103
98
198
39
4
103
79
165
191
107
124
165
121
54
106
50
103
32
32
141
54
177
17
100
89
65
147
22
79
117
116
48
162
29
39
108
103
57
161
152
66
21
157
196
155
130
94
155
21
112
93
27
32
44
191
198
152
56
170
103
39
114
199
166
35
121
43
152
86
119
150
10
23
69
5
143
111
31
192
16
99
171
39
170
36
91
57
33
128
177
10
83
176
89
91
34
111
104
26
91
190
122
164
90
84
13
41
127
179
184
137
70
161
181
165
2
132
132
54
159
47
177
62
10
19
150
177
141
36
120
99
112
159
156
190
152
48
14
44
118
150
101
95
21
131
101
45
161
57
110
128
5
173
137
69
96
103
21
75
118
100
89
62
54
63
43
89
50
135
15
164
94
163
158
52
92
116
114
20
60
50
168
141
47
196
187
101
34
128
171
48
75
53
71
129
93
119
71
20
164
79
30
10
80
113
142
138
182
44
28
193
175
180
0
196
147
170
87
143
133
52
61
24
0
180
178
57
23
98
14
45
62
109
10
49
18
90
55
143
155
185
134
75
121
151
26
51
59
183
114
37
79
98
100
137
85
78
84
142
115
160
67
140
107
166
128
162
163
169
90
23
78
113
161
10
40
178
0
194
107
56
151
186
31
144
139
176
184
52
108
114
54
19
28
71
170
63
147
24
143
54
8
181
152
88
163
159
19
179
156
61
87
153
99
188
44
80
66
83
74
36
109
167
34
139
84
51
149
66
67
110
189
127
173
181
95
136
74
35
31
172
28
198
70
187
97
89
46
90
111
12
63
112
181
151
30
121
13
128
150
0
159
154
192
194
130
32
159
177
179
32
72
183
81
153
22
121
156
18
191
100
196
120
104
199
129
144
175
70
16
199
80
18
88
52
128
0
62
40
149
185
183
115
59
78
159
161
182
48
54
40
181
170
28
51
144
69
195
69
110
172
123
125
19
50
31
43
46
69
70
194
10
192
64
124
161
119
20
162
61
125
34
149
90
122
60
93
128
122
181
166
68
23
122
39
117
193
164
178
156
171
141
155
36
89
128
120
102
112
16
147
146
51
72
11
123
136
5
7
33
66
153
12
125
40
153
57
133
95
139
51
58
94
160
138
129
75
198
92
33
162
76
36
46
73
64
84
192
119
42
128
59
62
145
116
127
172
148
0
170
198
92
145
128
100
143
192
163
183
72
1
9
21
86
113
169
131
157
19
86
56
16
54
154
14
15
137
166
97
77
160
12
191
31
174
63
77
124
184
33
150
127
199
29
9
144
164
51
12
179
134
7
183
0
59
110
153
91
121
25
53
129
96
153
61
58
91
163
120
168
87
126
72
19
41
4
151
92
45
170
74
162
176
117
26
13
144
171
179
35
129
88
48
178
17
123
38
108
129
126
168
6
199
55
29
76
88
96
19
64
137
16
118
91
83
198
120
148
161
51
18
177
146
61
78
28
63
35
106
108
168
79
119
123
77
192
153
178
53
95
71
75
4
162
32
19
131
35
68
68
10
34
70
178
65
45
79
75
127
87
163
37
166
134
83
75
184
155
156
199
64
93
86
33
124
47
194
130
167
65
110
82
5
114
52
41
185
191
6
160
160
112
3
30
85
0
185
67
84
188
0
86
100
95
199
102
28
183
117
136
2
89
178
125
189
122
195
5
119
91
121
174
114
62
106
83
26
19
1
130
44
175
58
62
131
136
120
108
24
147
108
11
197
0
114
96
199
45
133
162
139
154
21
86
136
10
62
173
93
35
188
171
38
21
91
13
160
157
92
143
175
168
13
15
36
91
147
169
32
134
128
143
79
106
54
7
137
3
21
47
34
149
16
159
138
150
183
186
96
85
124
122
163
181
12
51
2
95
136
54
8
180
31
30
95
114
112
136
137
9
85
119
181
10
108
9
39
67
119
66
199
120
115
177
122
142
180
81
85
30
125
36
194
145
2
33
80
56
34
117
81
181
58
5
192
160
51
1
142
144
35
155
72
43
122
13
41
181
179
118
160
129
155
82
164
32
113
195
128
104
55
111
81
10
104
151
16
161
64
5
122
113
143
36
118
194
188
143
39
102
143
70
19
12
117
132
182
97
59
73
190
19
10
111
15
178
142
45
70
162
8
183
99
109
13
150
151
65
102
17
153
99
116
184
69
42
103
115
129
57
182
64
152
154
126
27
155
59
152
186
22
129
186
149
79
198
90
3
86
43
27
185
198
187
17
31
76
61
163
14
183
32
122
111
191
71
142
133
153
30
180
104
115
87
110
81
158
186
33
40
59
136
162
138
154
126
126
112
195
21
177
141
158
54
20
197
127
51
62
132
137
4
57
5
107
143
58
139
143
97
81
165
57
5
117
12
24
184
59
99
16
140
51
46
122
93
15
49
161
49
31
196
123
96
44
50
38
31
159
135
65
1
187
37
148
120
24
94
175
103
189
86
45
143
57
132
61
178
104
2
31
20
86
30
43
167
48
44
117
149
125
73
63
16
80
148
179
157
14
105
189
107
105
127
14
115
108
97
49
95
29
26
66
198
185
62
118
53
179
3
183
123
159
21
174
34
75
102
36
79
115
150
13
50
92
148
83
181
47
8
106
178
106
67
114
110
70
158
17
146
104
56
63
37
98
134
56
108
12
113
80
124
104
13
73
162
179
177
69
147
31
153
33
139
120
194
197
24
71
158
120
148
18
1
117
192
13
180
156
140
194
68
70
63
49
134
25
71
91
50
17
10
54
125
101
94
192
34
170
146
187
121
165
189
171
65
160
110
175
109
94
123
134
74
14
94
23
75
77
157
27
22
174
172
39
39
183
17
130
90
6
96
12
95
138
116
121
84
27
178
60
172
87
35
181
126
194
30
95
58
19
12
43
112
106
28
193
126
26
126
133
181
96
192
61
9
177
124
122
40
52
15
180
92
151
52
173
77
17
26
65
61
139
49
7
119
30
176
25
181
127
59
97
193
25
29
22
148
153
79
68
27
24
31
77
6
100
72
1
130
98
77
149
94
127
52
59
177
70
151
24
84
20
15
19
177
95
95
64
0
118
117
123
17
154
168
187
175
113
122
157
116
182
142
162
8
40
105
170
6
1
119
20
162
117
135
152
94
35
10
31
163
51
47
51
110
149
47
34
148
23
88
171
132
159
56
145
102
123
89
19
94
86
107
192
100
146
1
165
144
156
74
117
175
95
66
64
91
191
140
156
59
97
97
109
163
22
85
99
119
120
192
148
53
176
76
33
197
193
103
8
174
166
103
30
181
186
125
69
25
158
185
199
21
114
60
56
72
53
53
175
181
155
162
48
145
52
70
31
0
63
147
119
170
1
159
182
179
196
29
101
56
130
181
20
162
151
45
170
54
157
93
15
8
61
166
173
78
86
30
52
26
179
110
32
151
172
101
187
79
8
137
36
2
78
123
88
174
109
196
123
162
123
46
79
155
74
122
31
57
171
179
194
127
56
36
16
147
13
184
57
60
157
0
36
113
133
75
110
162
66
6
108
107
173
137
96
55
24
66
8
33
161
157
171
176
114
114
89
135
59
38
94
60
127
143
42
55
121
111
180
12
9
90
83
145
38
34
138
164
81
40
150
118
175
198
74
87
42
188
20
182
5
134
20
46
103
20
50
175
162
142
70
38
142
115
135
177
134
67
74
180
190
96
6
81
43
72
155
38
175
20
175
186
197
105
137
195
183
95
176
83
82
27
151
199
105
151
177
6
190
195
196
61
31
125
6
179
70
24
157
122
53
73
80
103
83
134
182
57
163
41
37
29
87
186
151
94
22
30
30
154
106
19
117
83
139
113
92
39
144
68
83
29
65
5
187
140
87
197
79
168
163
100
199
47
101
88
5
120
44
172
76
30
119
169
188
29
152
132
158
7
81
162
16
9
45
148
85
108
13
67
105
14
54
135
70
163
179
158
39
59
145
123
148
144
177
137
91
42
98
177
4
182
156
175
133
10
92
70
70
153
153
128
128
73
82
171
100
5
55
21
184
134
47
128
88
185
108
158
174
123
61
72
124
135
189
56
144
198
147
95
167
183
176
143
36
137
146
162
157
142
196
103
181
81
94
188
4
55
87
183
17
165
93
56
138
51
87
190
80
32
126
29
107
14
17
125
38
126
145
157
125
107
79
151
41
159
181
65
125
94
93
64
163
29
101
72
140
53
129
32
80
159
74
40
176
189
104
18
168
86
66
62
174
98
21
27
15
27
41
9
158
135
165
161
161
32
72
19
194
3
54
131
116
104
83
74
113
11
144
108
159
5
72
192
172
15
29
113
143
80
109
105
184
49
111
9
183
48
185
107
160
180
189
63
133
166
185
0
185
42
174
191
63
93
103
198
163
161
191
177
89
197
29
112
169
60
131
65
111
113
96
50
4
123
88
122
20
16
165
177
172
12
180
76
100
41
18
75
119
143
163
181
58
182
67
152
151
61
95
17
29
27
191
86
60
56
192
1
39
11
184
170
113
70
108
185
120
157
45
97
79
199
102
183
167
19
169
137
29
199
18
18
5
15
37
115
129
24
115
166
72
96
160
178
79
171
124
45
180
177
158
154
115
8
21
8
145
52
95
11
10
160
82
110
82
110
101
60
35
20
84
6
5
108
177
24
49
193
144
16
24
81
61
185
38
3
107
22
13
95
51
183
98
57
0
156
89
1
99
10
74
95
128
91
47
181
93
120
168
15
76
124
53
164
87
195
119
93
6
105
31
178
149
30
9
187
32
174
184
70
153
111
188
164
138
88
7
62
158
16
175
177
92
177
29
90
60
151
27
121
39
140
164
177
136
5
11
84
55
175
159
139
49
99
172
174
190
66
142
22
21
60
34
47
93
17
101
165
48
174
132
188
165
58
2
110
119
110
37
192
136
48
8
150
133
119
37
32
94
193
10
11
105
58
7
153
174
64
107
2
14
69
39
114
87
195
48
67
113
67
160
53
70
83
156
168
26
0
122
37
199
171
96
17
141
158
35
88
71
73
107
120
92
193
152
189
13
28
3
198
17
150
188
146
43
165
88
11
166
43
38
4
167
157
122
46
131
103
120
27
64
151
5
129
42
16
188
150
85
102
73
45
197
115
52
188
186
128
117
22
123
126
196
61
79
84
42
90
197
28
111
143
144
52
125
38
72
187
57
115
127
161
182
177
144
28
13
135
101
39
123
123
164
191
58
159
143
148
127
52
133
8
141
121
99
69
130
181
176
13
107
154
198
69
15
80
47
27
75
188
186
64
47
106
38
27
102
131
79
157
146
127
40
138
41
42
102
65
169
11
108
102
43
173
80
36
2
164
170
1
187
40
108
155
5
187
14
1
65
199
159
57
190
43
82
82
103
39
184
61
4
32
27
184
124
56
14
107
148
8
104
187
35
132
136
157
125
164
154
128
33
23
30
44
170
132
104
85
79
164
55
126
79
10
120
190
101
24
149
167
2
110
104
163
160
164
128
127
101
0
182
144
185
69
23
55
168
78
127
69
74
21
37
157
120
189
12
42
83
2
141
152
67
187
88
107
33
32
81
103
32
27
150
185
170
19
23
65
174
17
18
193
0
134
191
157
119
145
193
12
79
169
118
30
98
149
57
190
168
8
26
72
52
117
193
11
41
131
107
68
163
1
122
137
58
178
46
194
163
183
110
84
173
187
32
169
107
162
84
148
135
30
98
194
26
50
134
15
68
191
199
171
169
1
196
10
73
192
11
128
100
112
179
139
69
51
14
64
84
11
44
191
127
41
199
197
95
6
91
111
138
82
53
118
123
3
180
8
73
137
180
99
93
49
143
18
146
75
175
81
176
130
135
128
48
197
162
61
47
137
14
195
30
7
56
125
143
66
15
50
142
75
123
65
12
29
180
173
157
156
23
153
6
152
176
162
138
11
66
94
109
82
196
9
96
44
135
165
58
3
103
4
46
155
150
175
27
163
152
111
184
187
116
77
51
90
83
20
199
190
42
111
36
62
60
69
114
78
66
157
99
50
19
98
43
168
176
101
46
88
120
81
49
111
147
44
76
196
78
56
36
62
39
39
79
87
66
100
6
91
156
98
146
70
33
1
190
184
58
127
194
186
97
89
35
127
168
100
64
140
188
10
83
23
31
23
156
114
12
169
152
162
81
135
35
71
24
70
66
193
128
26
133
199
103
126
88
41
89
19
81
15
123
198
52
68
161
89
101
183
193
20
13
42
26
50
156
32
106
92
164
102
106
90
119
102
134
75
192
32
194
169
43
147
27
195
164
193
166
94
84
158
121
66
70
142
192
154
129
145
147
72
180
196
97
46
140
106
0
43
181
14
175
17
102
92
11
68
75
137
198
32
137
166
186
92
104
160
59
15
195
185
81
63
68
164
78
25
104
115
126
186
140
123
108
150
59
20
97
79
18
117
157
30
121
51
71
128
22
199
152
56
149
76
104
48
87
33
14
57
59
10
76
0
16
170
72
155
42
186
114
186
129
83
187
187
131
59
185
199
119
171
69
103
53
196
41
98
148
37
26
21
128
194
163
127
147
198
131
190
90
130
123
17
129
107
183
139
174
33
146
89
131
71
155
36
79
146
84
76
74
184
185
87
145
49
100
186
108
13
112
127
150
42
185
171
149
54
168
60
196
159
73
98
85
148
19
167
104
133
29
190
94
166
31
11
69
158
199
157
145
23
55
175
20
76
175
85
168
192
167
24
144
186
190
113
125
38
143
103
112
11
96
72
63
96
27
165
103
19
43
71
0
49
129
138
197
165
116
43
179
147
48
177
148
180
160
138
192
161
117
76
188
142
145
104
179
69
75
65
153
115
140
169
27
101
156
110
185
93
106
193
72
15
99
105
46
153
37
149
22
120
54
22
46
59
196
128
152
16
57
76
99
193
103
136
63
35
115
119
21
93
152
144
115
76
23
180
9
137
123
85
142
41
157
2
98
43
162
185
134
192
123
79
83
94
186
152
193
77
9
54
67
168
198
150
52
54
32
108
1
190
141
144
194
87
174
131
137
182
96
81
72
182
33
56
36
130
15
70
111
133
146
45
120
197
26
112
14
33
101
177
183
135
145
166
70
69
147
184
181
132
41
81
101
47
23
15
61
61
32
26
140
162
164
159
177
35
55
23
126
59
123
65
139
46
67
121
83
151
73
43
186
199
17
61
193
155
14
94
116
73
7
1
180
58
4
91
44
181
163
198
192
90
120
154
29
140
181
160
155
182
179
165
95
15
50
88
189
25
57
186
182
45
114
93
42
81
112
196
166
166
190
61
89
59
35
19
136
192
123
181
2
5
27
18
105
63
92
138
149
133
108
136
31
96
28
109
144
17
136
36
109
139
90
14
4
68
56
84
17
75
65
112
10
59
188
148
33
32
134
106
50
10
107
175
20
108
121
107
199
157
61
7
190
110
0
136
178
38
93
115
115
172
47
143
151
139
195
26
14
85
19
80
98
56
9
89
45
165
76
151
41
173
15
144
146
3
83
140
133
53
86
52
12
68
82
187
168
162
104
196
12
164
9
45
16
109
61
178
161
31
112
11
56
160
199
197
142
106
123
144
107
84
187
180
57
178
140
9
62
66
121
136
7
126
37
136
106
152
130
167
0
36
16
115
46
199
77
112
80
36
124
110
187
54
135
23
31
173
177
157
94
16
65
71
12
76
125
107
9
75
50
192
6
163
188
29
0
136
3
115
31
75
197
108
96
109
116
77
75
24
157
119
92
144
57
115
172
54
25
167
137
148
196
70
136
13
42
41
78
3
181
162
19
8
111
176
182
167
23
68
120
151
20
149
62
24
91
65
171
29
69
73
183
127
168
188
11
30
24
157
39
59
60
179
24
77
86
1
65
32
147
162
91
179
191
0
87
31
23
118
35
110
24
19
157
92
64
176
105
136
31
166
92
126
120
77
4
185
107
105
12
6
171
18
94
181
69
33
71
181
186
62
0
19
141
79
109
185
179
182
180
56
19
94
86
159
122
63
183
130
128
50
199
65
197
39
83
13
153
92
24
153
113
95
11
120
169
43
168
67
151
110
115
64
191
49
140
87
23
44
138
121
67
152
152
12
56
62
151
184
100
16
27
117
20
8
110
61
90
63
90
58
104
132
142
173
10
11
57
53
14
72
100
7
21
138
160
81
34
137
82
41
110
33
37
104
109
191
49
160
71
136
159
149
75
125
187
28
80
7
155
172
7
23
197
62
112
14
38
196
19
147
63
174
158
69
132
12
67
179
122
166
48
54
63
84
47
179
0
137
23
20
11
155
138
45
19
109
177
143
108
92
76
149
2
152
13
71
74
71
104
101
186
191
0
22
15
64
157
71
13
182
77
85
150
158
70
54
9
5
10
174
191
58
66
177
183
171
115
133
91
58
21
144
83
118
173
185
40
84
27
161
28
6
15
173
14
31
154
12
132
12
139
179
112
157
18
1
47
35
187
125
193
59
133
53
7
7
52
93
90
69
33
135
23
76
161
18
115
49
179
132
2
188
135
156
5
22
34
46
4
175
193
20
48
198
187
46
97
167
20
139
173
99
116
5
56
164
134
0
17
61
56
100
29
199
4
188
127
60
196
34
82
153
48
101
104
140
36
150
22
184
81
119
172
1
190
43
169
74
179
8
185
85
122
11
78
87
2
175
21
182
116
193
70
160
81
75
112
63
151
28
48
87
57
189
90
5
89
5
89
185
167
136
105
23
159
136
88
34
51
132
66
88
135
115
169
97
87
86
190
190
169
152
96
55
1
0
90
34
194
0
74
188
86
25
153
191
68
75
20
81
99
85
195
19
51
195
139
195
69
45
198
194
179
47
143
196
126
63
145
126
171
19
185
119
80
79
134
126
47
158
24
96
73
198
191
153
139
0
130
106
60
128
138
100
10
128
58
87
194
152
180
56
98
15
55
22
143
159
49
128
100
70
65
192
89
66
192
52
157
124
90
87
5
31
89
56
138
90
150
167
196
91
144
16
33
158
62
66
119
32
2
118
177
181
193
89
147
171
49
47
141
165
79
14
199
160
66
127
171
94
17
41
195
15
97
174
51
174
46
17
179
66
79
1
197
52
37
50
70
131
14
68
197
91
78
113
19
129
112
3
136
98
89
86
109
143
195
99
4
75
133
4
61
163
61
122
51
61
42
162
88
85
3
74
118
56
96
78
111
137
136
189
160
20
177
198
18
197
80
138
135
62
103
40
192
76
74
126
134
164
147
43
92
76
163
68
90
16
196
53
60
157
77
158
165
194
138
130
113
127
11
51
46
148
182
126
171
108
78
73
105
15
42
122
190
118
84
50
144
69
10
197
102
153
60
142
91
56
157
36
89
26
58
57
1
40
12
167
148
13
23
32
175
36
171
97
54
141
121
137
172
81
46
136
32
45
91
24
169
41
181
18
183
177
193
68
8
190
120
147
6
115
41
139
135
133
94
116
35
70
76
196
163
140
91
91
51
89
80
85
117
117
23
102
29
108
150
167
186
32
139
88
15
29
192
0
4
12
107
139
177
7
185
76
14
60
122
35
109
97
193
86
176
113
63
42
1
177
171
92
184
95
111
93
79
77
39
119
149
140
75
55
33
134
165
182
48
121
107
67
3
44
30
78
50
51
95
66
195
165
58
84
14
156
10
148
43
155
162
157
144
62
86
157
185
95
57
199
177
36
30
84
147
71
96
6
93
53
83
155
138
180
105
15
33
34
147
89
194
183
103
100
119
5
114
174
64
195
38
193
20
5
35
49
14
8
129
33
183
36
40
82
36
6
178
4
46
104
107
124
183
144
119
51
106
88
19
92
17
92
152
80
120
181
122
196
101
93
38
53
174
97
69
59
161
155
114
19
7
27
58
166
101
173
101
183
112
76
188
85
69
9
66
199
164
0
95
2
124
18
111
56
34
100
173
184
194
123
169
67
171
145
176
35
197
141
76
154
188
3
95
37
45
58
189
4
47
114
83
161
113
125
154
60
176
71
179
70
199
21
192
88
89
137
79
112
97
27
15
96
23
146
159
62
168
68
61
138
168
111
182
131
95
99
123
26
197
109
167
16
190
129
169
178
9
1
189
166
40
49
18
114
175
41
163
120
164
76
9
93
34
145
120
80
54
3
78
143
188
78
115
84
95
183
7
9
33
185
96
137
13
187
160
25
145
116
74
51
168
66
130
53
4
141
63
139
190
37
170
140
151
85
71
126
22
63
24
6
91
51
105
104
161
8
51
97
48
164
126
108
24
154
188
45
191
118
22
119
168
82
89
148
182
143
174
7
26
195
146
115
104
130
4
150
114
84
13
124
93
117
62
13
159
63
95
64
17
130
62
46
13
190
119
59
134
73
98
7
182
81
72
158
87
62
184
146
42
53
184
169
187
62
49
116
41
52
37
184
187
43
100
13
149
136
153
61
97
182
76
28
83
109
168
46
75
156
80
98
54
161
69
183
178
86
117
194
61
181
131
182
189
181
16
144
8
17
148
95
59
28
181
91
81
177
8
158
56
12
61
96
12
138
51
150
169
137
110
26
91
137
120
196
21
103
89
29
79
144
48
194
188
103
133
129
69
33
73
14
84
21
70
155
57
82
114
28
148
114
91
97
4
47
17
174
14
36
186
20
175
79
174
116
53
136
52
72
162
3
64
198
139
18
7
60
11
52
22
2
176
46
120
42
95
1
164
82
191
192
198
185
96
162
141
6
172
176
73
3
96
131
54
50
169
57
51
162
192
64
99
58
78
178
7
167
121
85
169
56
50
78
10
5
39
157
140
17
83
185
34
40
20
95
181
53
119
171
128
92
128
106
186
26
163
176
161
56
162
153
39
167
60
182
100
30
20
34
69
140
12
159
167
23
125
34
19
67
145
110
20
130
36
133
146
170
160
159
43
171
121
97
110
101
143
185
153
53
181
163
21
20
111
10
167
109
164
165
197
106
167
108
109
61
57
35
45
153
112
40
83
134
65
31
175
135
4
83
15
0
86
164
131
159
35
179
52
19
58
29
69
90
92
32
43
65
193
14
72
56
71
45
127
198
61
15
178
112
131
71
110
112
132
79
23
79
69
28
41
145
109
191
43
53
46
86
47
26
106
112
104
58
103
41
10
57
48
191
56
194
37
13
113
132
166
154
154
166
90
172
119
69
194
131
125
109
168
106
114
162
67
38
138
92
119
143
26
134
6
50
26
160
169
91
15
71
166
141
39
84
112
125
61
40
119
6
40
96
141
159
10
72
113
167
42
14
96
42
127
193
78
44
64
108
91
116
97
173
80
188
90
112
161
153
41
171
30
33
158
139
16
103
73
173
111
69
107
123
181
35
109
39
105
63
126
152
147
88
184
186
169
99
11
34
13
40
96
178
52
42
184
101
37
40
125
43
143
56
74
134
62
58
29
122
106
192
64
63
1
75
185
140
123
188
114
95
59
99
195
10
81
133
146
49
136
91
168
181
39
80
78
58
63
107
140
175
68
160
90
135
155
53
94
44
68
146
61
126
26
29
189
184
25
10
77
114
168
150
31
193
138
104
28
172
101
165
79
26
93
62
58
132
16
141
16
190
89
145
132
151
129
33
73
95
195
173
81
148
150
15
49
22
187
65
40
67
73
65
23
36
108
52
17
114
33
39
34
60
86
167
21
149
81
179
70
10
0
107
64
181
29
134
79
14
22
123
138
105
12
152
126
79
133
94
197
172
71
131
191
152
42
112
60
194
176
39
86
184
182
7
168
102
117
34
24
76
87
177
191
132
170
124
57
196
182
96
96
131
109
27
22
156
198
66
151
137
100
162
60
1
55
128
120
65
101
53
154
57
172
126
108
100
95
96
177
151
101
184
143
164
183
163
79
60
53
39
127
165
140
60
185
102
10
163
32
110
127
184
103
22
14
87
146
176
172
186
56
158
116
104
119
174
128
194
138
122
166
62
76
84
171
79
60
96
156
173
55
24
57
63
73
143
135
143
61
135
58
82
134
181
161
173
122
194
183
31
117
19
46
196
162
75
189
143
43
83
20
17
164
20
155
38
186
55
120
100
150
195
117
141
128
185
115
137
12
28
29
52
133
171
186
178
134
30
52
165
148
139
175
23
9
83
105
42
158
26
125
157
115
138
144
102
191
61
127
121
0
188
16
51
193
47
9
105
71
24
147
91
96
166
18
59
118
29
2
25
61
42
4
180
158
44
99
14
124
75
37
39
108
83
151
84
154
199
195
179
104
23
190
118
154
18
161
13
140
38
42
11
110
136
42
173
81
40
125
180
9
177
123
75
10
165
125
165
13
12
69
175
7
183
146
147
126
164
74
128
116
106
122
111
22
181
169
140
13
132
91
140
190
13
159
46
116
7
151
58
20
109
120
156
0
168
39
95
40
136
169
124
189
45
17
5
40
98
197
73
146
67
85
188
198
80
74
13
22
137
83
28
114
163
158
142
184
140
45
187
119
112
47
199
50
8
176
106
176
93
92
75
23
53
50
187
25
38
23
163
64
58
48
185
63
120
24
30
100
193
193
68
104
69
103
43
149
179
138
110
43
160
146
143
154
135
29
190
101
166
78
33
87
87
194
91
97
130
59
131
183
126
0
127
47
150
127
48
122
137
75
85
179
175
63
6
150
1
147
46
114
28
73
34
180
191
103
174
161
12
65
58
149
79
122
107
181
49
149
157
11
194
134
131
48
33
122
60
22
113
108
181
46
31
95
97
187
124
27
92
17
76
67
11
97
155
102
118
168
23
148
124
51
168
192
68
163
144
148
27
78
43
180
43
158
16
114
33
196
174
142
35
81
31
45
0
191
120
107
72
153
133
29
102
181
32
194
165
138
197
48
54
40
111
18
190
9
84
163
150
40
23
67
48
119
198
117
157
197
29
195
163
134
154
44
4
70
105
14
136
9
131
170
133
97
164
69
139
128
190
142
63
17
110
17
7
24
4
36
77
157
110
187
184
19
51
10
157
14
75
20
21
55
95
54
18
70
162
86
152
191
167
71
88
23
63
122
191
168
32
193
106
74
169
141
60
21
194
67
18
136
24
119
84
34
145
99
75
186
85
102
121
78
65
19
129
68
18
59
17
126
24
95
194
116
69
174
128
120
154
54
68
21
179
30
59
161
65
34
94
129
22
118
27
80
145
55
2
75
65
136
194
98
193
177
76
142
44
33
69
146
8
181
92
8
5
56
169
86
27
130
92
195
61
116
86
77
132
72
56
144
88
88
34
137
157
11
109
133
76
70
110
91
51
21
131
30
110
23
75
188
127
43
100
119
17
151
179
103
81
148
96
10
144
103
4
187
44
135
183
81
173
61
146
88
131
34
44
91
102
62
157
81
103
165
169
19
199
62
76
196
148
108
178
109
140
127
67
39
39
94
75
96
2
40
142
116
87
128
129
71
84
193
83
88
112
106
101
60
5
8
11
93
64
127
105
26
193
3
20
125
115
51
114
46
72
134
144
109
93
75
183
71
159
15
191
193
195
174
195
112
52
56
46
145
66
178
125
167
78
166
60
141
12
131
101
90
133
75
98
195
17
64
106
135
90
69
32
42
66
71
89
32
76
19
8
53
16
167
25
166
184
127
33
110
94
165
73
46
179
141
93
186
99
163
93
102
4
59
147
108
50
140
104
107
148
84
112
194
33
93
102
153
99
110
84
173
107
98
54
90
127
18
69
15
176
35
122
104
89
105
174
145
181
87
56
163
93
54
149
145
134
69
167
87
67
9
62
97
108
102
17
154
154
183
44
61
125
3
105
27
143
169
68
44
170
18
175
78
161
1
145
39
131
57
60
0
57
64
55
36
44
137
146
101
131
83
74
164
135
50
13
129
70
140
16
199
12
157
169
157
23
72
184
162
135
83
75
172
171
64
25
163
92
8
20
62
38
133
45
3
116
23
145
19
190
58
50
158
162
104
154
4
16
118
144
120
195
23
95
186
178
6
77
117
186
163
56
188
63
79
73
192
104
175
37
26
86
17
94
7
175
126
8
169
194
69
171
26
86
141
69
110
145
113
107
178
28
78
45
78
122
174
50
62
36
51
141
152
87
44
118
73
170
31
3
55
48
192
85
183
194
89
89
7
161
86
51
140
58
134
94
23
61
139
74
132
1
180
191
132
191
5
139
111
143
56
23
89
124
113
109
181
160
105
75
47
170
138
9
195
92
30
167
52
28
155
106
51
76
78
41
23
17
56
60
20
137
107
19
116
48
139
31
125
54
56
11
23
109
84
3
58
106
168
156
66
122
59
109
124
79
64
20
38
60
175
197
163
28
63
111
108
9
32
131
48
17
5
87
186
171
186
146
58
28
19
119
16
157
99
93
32
60
175
20
31
149
73
37
76
34
180
128
89
52
70
55
43
43
159
116
134
161
117
102
158
45
198
90
45
9
159
176
178
37
15
189
127
171
157
176
56
70
172
173
12
111
82
193
70
17
105
120
146
63
24
102
7
117
105
167
15
168
199
179
77
142
27
191
91
29
149
119
81
68
5
157
65
153
162
0
30
69
87
106
47
142
51
32
190
153
15
144
104
20
181
179
152
140
150
165
41
138
36
33
127
102
23
48
118
116
140
189
81
183
141
188
79
54
73
7
105
171
11
169
78
92
174
113
10
184
197
187
12
114
76
6
114
148
73
14
38
146
11
18
147
134
190
5
141
136
24
147
108
21
74
27
117
25
59
105
138
169
55
74
164
151
184
109
195
119
55
79
71
149
186
148
199
191
81
13
164
71
150
126
114
161
71
187
149
8
96
109
119
89
101
90
34
21
62
1
185
21
158
172
187
93
16
149
198
118
43
18
105
168
183
47
2
82
14
100
115
147
134
44
175
177
183
108
81
5
192
40
151
147
196
47
16
199
44
174
89
38
189
3
24
75
1
34
23
95
60
72
145
9
68
108
48
88
165
144
49
6
65
24
139
52
33
35
33
136
189
15
167
119
185
103
154
168
165
46
52
35
118
180
153
156
151
46
52
74
94
152
183
16
24
90
143
112
23
126
81
119
185
162
7
113
118
30
183
115
48
158
148
55
116
133
138
166
89
15
192
1
44
47
41
167
57
107
111
123
151
197
22
153
9
158
188
110
187
175
162
55
148
77
74
14
121
7
198
124
91
13
164
94
32
0
47
3
0
130
145
144
14
166
66
92
126
166
84
119
96
189
147
126
27
16
16
116
116
119
196
88
123
59
190
85
78
158
37
172
13
24
77
125
11
180
189
16
55
120
158
198
154
73
80
168
102
65
87
181
164
164
182
132
48
13
34
96
42
189
139
47
61
171
117
107
51
52
82
55
169
156
9
154
128
71
40
68
183
158
129
75
192
164
52
94
10
49
19
78
128
187
59
131
6
195
2
168
84
36
80
160
120
16
46
27
56
80
198
167
76
199
56
79
126
112
158
144
107
183
5
48
136
161
71
61
100
17
170
39
2
95
143
32
177
157
94
2
126
70
196
49
116
40
136
152
173
184
34
106
70
0
4
107
57
196
9
115
69
19
39
63
127
188
182
102
142
55
178
41
156
56
34
48
169
17
55
197
198
101
74
183
126
5
170
158
54
104
66
85
192
160
49
29
180
160
199
62
46
87
137
116
138
33
89
74
109
156
85
58
79
57
24
100
56
38
137
133
182
159
67
41
24
180
122
80
168
140
124
172
36
26
69
188
112
188
97
191
8
133
89
48
194
50
76
68
61
70
24
78
163
1
70
158
64
53
160
144
100
91
20
161
163
32
1
8
50
105
94
112
21
188
130
59
125
180
5
81
163
25
1
54
107
187
177
71
82
156
48
179
75
193
47
75
181
177
3
88
32
53
35
121
171
179
114
46
77
5
161
0
55
168
29
69
28
74
85
103
162
150
115
64
1
110
158
136
164
87
131
145
183
4
152
189
185
163
111
106
179
146
151
44
158
38
54
38
56
123
0
112
55
113
198
133
144
102
180
81
33
102
49
100
119
137
135
199
179
142
169
32
112
106
148
51
164
173
84
96
86
127
144
124
14
67
199
68
135
194
6
91
20
10
188
160
93
157
51
129
63
31
61
61
79
106
171
188
127
9
144
130
132
137
54
20
132
111
31
179
68
106
53
87
114
11
92
78
25
105
185
77
162
193
34
8
38
55
20
75
4
60
42
129
22
13
4
76
112
173
74
197
53
59
158
70
136
63
60
56
20
35
154
26
63
172
173
134
103
24
66
170
154
75
142
103
166
188
167
186
190
70
180
70
30
169
92
187
58
46
22
42
37
164
128
35
122
47
59
116
19
180
92
40
11
26
165
124
172
5
82
143
92
162
117
0
28
159
30
195
64
188
54
34
5
59
123
38
46
62
146
118
73
63
56
109
171
0
113
99
114
40
4
188
87
105
194
156
10
145
17
139
36
69
184
16
179
16
141
140
181
154
163
107
67
5
95
173
80
167
128
50
29
41
70
54
135
128
80
46
11
51
91
45
50
0
82
182
5
119
87
138
128
146
38
96
31
145
87
60
42
2
36
30
133
18
194
98
5
126
127
88
199
111
113
7
137
85
70
84
168
174
50
67
113
132
199
22
72
155
159
169
187
81
111
90
57
1
166
71
86
113
81
147
153
70
39
50
16
45
194
123
68
72
18
144
149
1
126
125
29
179
144
96
49
7
179
173
150
13
48
156
178
187
105
103
182
7
43
123
122
156
134
111
97
197
178
97
134
166
115
11
178
100
120
88
148
63
63
34
17
63
102
112
12
177
160
28
73
69
95
68
190
82
36
23
109
197
29
194
102
114
7
96
131
68
69
18
0
123
139
7
80
65
74
17
56
134
102
112
158
160
154
187
55
66
33
62
166
163
111
181
121
186
91
138
157
135
38
73
81
93
73
22
108
168
14
20
93
186
181
153
40
135
56
3
72
65
179
164
119
12
99
33
53
10
7
27
29
96
16
0
189
122
189
157
96
170
30
59
151
125
35
27
107
195
149
43
103
85
9
122
122
37
191
135
81
198
102
184
84
89
65
63
117
87
136
160
172
85
79
90
49
198
103
1
86
159
102
136
18
74
184
109
152
69
71
165
199
85
184
125
95
34
194
129
152
85
106
13
51
61
77
74
193
181
151
45
48
97
98
139
58
187
145
75
74
49
160
189
152
121
122
166
106
20
171
88
74
95
52
64
100
187
121
8
49
89
69
46
100
79
190
82
73
190
155
168
72
175
155
30
4
47
32
159
113
96
197
95
79
144
33
138
56
21
16
29
84
6
78
20
40
137
191
129
92
170
145
67
44
153
171
30
131
105
110
121
135
155
163
53
19
13
71
64
98
97
55
187
83
61
31
141
162
34
115
156
49
187
195
126
142
120
5
178
128
44
70
101
189
71
58
153
74
162
189
18
158
162
43
93
142
6
89
95
79
49
40
86
88
162
80
193
115
145
3
128
131
162
154
76
105
101
181
20
186
75
19
121
102
172
199
91
37
186
166
43
20
129
199
76
113
79
144
35
196
132
197
82
46
83
35
183
115
121
126
23
47
15
28
128
187
170
144
7
99
134
162
47
16
85
61
24
134
21
36
30
59
184
165
106
70
18
45
147
77
57
172
92
68
34
173
16
154
73
148
3
111
147
43
79
117
175
2
129
169
178
28
154
43
161
93
132
40
198
103
192
64
81
41
176
77
71
75
184
22
23
101
27
174
13
30
29
165
41
185
124
183
161
144
24
40
170
186
89
121
28
192
198
125
63
177
11
72
85
131
44
166
157
152
124
43
173
184
70
199
102
124
173
197
148
73
54
193
125
121
1
192
69
37
171
199
33
97
52
114
1
63
154
47
72
146
147
110
92
51
81
62
173
6
163
3
153
139
142
69
110
94
161
185
197
35
118
197
152
70
84
21
173
60
114
34
86
39
48
142
26
173
148
110
147
100
24
113
169
25
102
109
77
166
94
16
37
151
39
37
167
19
70
189
150
48
66
44
64
71
189
120
78
133
153
1
2
31
150
77
54
52
51
185
183
47
38
59
137
16
142
171
187
33
122
112
174
140
21
12
185
192
182
184
60
68
172
135
165
177
120
92
186
58
9
87
18
149
196
50
61
100
41
198
3
11
2
28
87
162
38
58
155
22
187
125
50
80
116
149
175
182
78
44
97
89
177
192
130
31
42
161
12
174
185
4
140
94
174
26
154
31
125
183
69
100
137
192
185
39
109
138
93
23
75
127
149
29
99
95
61
4
188
91
185
192
5
31
86
168
136
28
99
4
22
49
120
73
83
193
58
89
102
93
152
2
100
102
13
180
40
104
86
76
48
105
197
105
150
125
155
188
84
137
30
78
126
21
56
14
103
85
95
131
109
163
196
110
29
13
155
53
134
14
101
199
37
76
184
89
3
87
71
20
113
132
85
145
124
82
10
118
20
145
32
168
34
190
135
84
132
140
21
132
50
192
28
196
198
194
11
187
49
183
77
64
31
128
118
193
56
13
57
112
146
25
75
127
133
2
110
174
55
146
116
191
112
196
65
194
182
120
28
166
194
117
139
95
142
49
161
176
124
141
196
173
89
155
19
91
143
133
180
133
189
58
164
55
60
124
156
107
162
89
29
92
184
81
11
195
79
117
102
24
108
32
130
134
107
126
114
190
157
37
116
45
103
7
53
80
62
103
29
42
140
120
37
40
185
79
28
111
49
145
26
135
145
119
172
54
33
119
26
46
47
74
168
194
162
47
46
137
171
4
13
84
76
197
114
73
52
177
61
154
182
25
47
106
187
92
39
65
3
127
3
70
142
65
167
177
94
194
61
152
37
58
6
100
44
67
174
37
132
171
18
194
179
122
171
167
159
69
139
24
76
46
139
23
139
192
79
76
198
72
36
116
62
166
104
98
57
138
167
149
127
152
33
116
148
13
146
178
56
72
173
178
65
194
67
108
187
173
154
115
7
33
135
101
195
149
139
90
79
65
52
97
89
171
54
56
6
155
50
62
148
135
79
192
99
72
157
52
30
83
6
17
161
75
176
122
102
150
44
91
127
139
154
188
165
123
184
150
32
23
151
153
169
49
112
195
133
143
179
187
100
44
72
143
79
153
56
16
121
122
124
196
167
148
3
57
175
4
68
121
183
24
198
34
102
99
156
78
3
34
63
179
12
190
92
132
93
8
59
41
53
187
87
39
66
151
176
150
57
174
197
174
83
164
39
74
149
12
85
182
39
156
151
172
138
148
77
95
90
73
6
75
2
102
65
136
142
39
161
21
48
82
39
29
154
6
77
142
18
66
179
18
86
196
39
56
6
164
96
21
18
9
141
87
193
187
186
175
152
157
142
73
130
66
91
177
17
161
149
42
20
145
179
116
115
184
71
5
134
61
61
170
34
75
144
57
78
138
132
156
59
183
157
104
25
16
96
163
44
1
185
9
139
179
113
107
134
41
43
39
38
35
172
198
124
187
15
154
196
183
34
22
175
34
143
154
10
38
34
120
53
117
106
92
18
74
196
160
157
78
26
36
20
76
15
117
119
183
65
150
106
107
171
39
170
177
171
57
142
156
175
40
102
162
71
118
176
196
21
162
79
39
58
24
156
123
188
79
198
2
126
80
99
106
85
9
45
92
15
166
69
78
164
111
76
175
80
43
30
78
90
194
147
185
63
23
52
111
159
8
139
27
28
2
143
100
196
75
38
91
184
63
32
139
66
188
67
64
32
144
168
158
11
31
77
29
152
45
118
13
191
155
177
5
100
22
130
100
141
103
62
90
196
111
176
5
154
146
80
0
190
32
149
57
57
36
32
122
1
72
114
141
144
155
8
14
54
13
198
147
96
25
80
77
161
69
171
66
177
22
92
101
166
12
1
110
124
126
70
199
166
3
132
78
186
25
116
136
150
139
144
98
193
124
10
105
150
77
112
34
93
113
153
57
128
125
175
50
125
50
80
152
159
183
129
47
78
45
190
102
191
42
100
72
102
127
60
109
48
31
100
48
105
139
12
48
171
152
174
34
44
89
6
145
134
118
0
140
34
91
59
167
7
197
80
77
99
154
45
4
85
156
189
53
148
23
198
195
91
39
83
100
40
93
45
36
71
69
87
25
180
93
187
32
61
110
39
157
48
85
97
184
106
161
40
145
185
50
12
83
46
148
198
199
57
127
92
179
66
121
100
83
51
5
199
73
148
60
185
155
55
95
120
154
51
152
66
177
194
21
151
80
26
103
182
152
44
20
102
5
196
170
88
105
171
137
79
66
162
131
7
3
170
47
191
87
187
112
20
85
138
142
5
160
122
69
158
37
147
175
1
51
133
64
52
149
35
102
134
190
69
74
102
90
74
21
150
129
15
89
109
19
7
117
72
168
84
96
166
27
29
9
17
67
87
59
47
160
86
118
132
144
12
153
66
96
155
127
3
96
47
160
114
58
163
100
187
96
14
100
191
165
28
132
150
175
81
140
158
175
6
158
15
163
150
171
39
111
153
15
36
19
79
60
160
152
167
106
195
81
148
158
69
50
137
93
5
64
155
99
161
45
182
36
14
140
106
57
94
77
197
125
98
36
152
12
86
19
101
197
75
7
43
48
51
153
28
165
107
48
33
185
96
176
144
80
72
20
146
37
66
27
149
5
133
145
146
123
43
2
79
72
19
46
16
196
106
57
137
86
83
114
37
106
142
51
195
58
195
72
47
199
48
170
115
153
122
115
122
194
194
173
193
112
36
161
35
104
79
112
108
74
93
21
51
68
148
48
117
152
14
102
189
15
196
170
148
139
53
28
142
66
45
48
154
48
184
35
30
96
14
89
140
48
50
133
140
86
109
25
124
63
168
140
34
39
18
72
139
71
125
191
194
122
124
45
146
194
169
59
38
114
3
115
122
27
147
191
116
63
198
158
105
51
76
192
165
9
91
16
129
47
33
56
82
82
178
48
14
158
191
137
191
8
36
135
127
96
112
69
113
192
44
126
115
82
147
53
190
162
33
167
131
132
197
188
131
160
169
32
111
53
49
73
107
65
61
160
126
46
169
178
64
185
170
83
27
133
41
32
160
57
185
96
161
15
197
181
17
88
149
93
177
68
41
92
13
166
0
134
20
130
38
115
8
55
41
191
178
55
60
14
178
30
161
56
12
115
48
50
95
88
143
27
101
188
88
141
189
105
24
31
21
131
123
162
109
14
179
19
166
153
85
115
65
